132 75

-2

6

7

8

11

5

4

6

4

-31

5

4

6

4

-3

5

-32

3

5

-32

3

22

53

22

86

5

4

6

4

22

53

22

86

-3

5

-32

3

7

8

11

5

4

6

4

-31

5

4

6

4

-3

5

-32

3

5

-32

3

22

53

22

86

5

4

6

4

22

53

22

86

-3

5

-32

3

22

53

22

86

3

45

7

8

11

5

4

6

4

-31

5

4

6

4

-3

5

-32

3

5

-32

3

22

53

22

86

5

4

6

4

22

53

22

86

-3

5

-32

3

22

53

22

86

3

45

7

8

11

5

4

6

4

-31

5

4

6

4

-3

5

-32

3

5

-32

3

22

53

22

86

5

4

6

4

22

53

22

86

-3

5

-32

3

22

53

22

86

3

45

7

8

11

5

4

6

4

-31

5

4

6

4

-3

5

-32

3

5

-32

3

22

53

22

86

5

4

6

4

22

53

22

86

-3

5

-32

3

22

53

22

86

3

45

7

8

11

5

4

6

4

-31

5

4

6

4

-3

5

-32

3

5

-32

3

22

53

22

86

5
4

6

4

22

53

22

86

-3

5

-32

3

22

53

22

86

3

45

7

8

11

5

4

6

4

-31

5

4

6

4

-3

5

-32

3

5

-32

3

22

53

22

86

5

4

6

4

22

53

22

86

-3

5

-32

3

22

53

22

86

3
